Window 1024 1024 -10.0 10.0 -10.0 10.0	: W, H, -X, X, -Y, Y
Camera 0.0 0.0 -5.0			: X, Y, Z
Ambient_Light 0.2 0.2 0.2		: Ia (R, G, B)
Background_Color 0.0 0.0 0.3

Light 0.0 20.0 -10.0  1.0 1.0 1.0
;Light -15.0 25.0 30.0  0.7 0.7 0.7
Light -150.0 50.0 40.0  0.5 0.5 0.5
;Light -50.0 0.0 50.0  1.0 1.0 1.0

;floor
Plane 0.0 1.0 0.0 31.0  chequer 2.0 0.25 0.25 0.6 0.6 0.6 0.5  0.6 0.6 0.6  20.0  0.0 0.0 0.0

;ceiling
Plane 0.0 -1.0 0.0 60.0  chequer 13.0 0.8 0.8 0.8 0.75 0.75 0.75  0.0 0.0 0.0  0.0  0.0 0.0 0.0

;mirror
Plane -1.0 0.0 0.0 30.0  constant 0.0 0.0 0.0  0.0 0.0 0.0  0.0  0.92 0.92 0.92
Box 29.0 -31.0 0.0  30.0 0.0 50.0  wood  0.8 0.8 0.8  40.0  0.15 0.15 0.08
Box 28.0 0.0 0.0  30.0 2.0 50.0  constant 0.15 0.15 0.05  0.8 0.8 0.8 50.0  0.0 0.0 0.0
Box 28.0 -31.0 0.0  30.0 -29.0 50.0  constant 0.15 0.15 0.05  0.8 0.8 0.8 50.0  0.0 0.0 0.0
Box 28.0 -31.0 48.0  29.0 2.0 49.0  constant 0.15 0.15 0.05  0.8 0.8 0.8 50.0  0.0 0.0 0.0

;pink wall
Plane 0.0 0.0 -1.0 50.0  constant 0.8 0.7 0.7  0.0 0.0 0.0  0.0  0.0 0.0 0.0
Box -150.0 -31.0 49.0  30.0 0.0 50.0  wood  0.8 0.8 0.8  40.0  0.15 0.15 0.08
Box -150.0 0.0 48.0  30.0 2.0 50.0  constant 0.15 0.15 0.05  0.8 0.8 0.8 50.0  0.0 0.0 0.0
Box -150.0 -31.0 48.0  30.0 -29.0 50.0  constant 0.15 0.15 0.05  0.8 0.8 0.8 50.0  0.0 0.0 0.0
;Sphere 30.0 60.0 50.0 6.0  constant 0.3 0.3 0.3  0.0 0.0 0.0 0.0  0.85 0.85 0.85

;table
Box -30.0 -31.0 15.0  -20.0 -16.0 18.0  wood  0.6 0.6 0.6  30.0  0.0 0.0 0.0
Box -30.0 -31.0 22.0  -20.0 -16.0 25.0  wood  0.6 0.6 0.6  30.0  0.0 0.0 0.0
Box -32.0 -16.0 13.0  -18.0 -15.0 27.0  constant 0.2 0.2 0.2  0.6 0.6 0.6  30.0  0.0 0.0 0.0

;chair
Box -17.0 -31.0 19.0  -15.0 -22.0 21.0  constant 0.3 0.3 0.25  0.2 0.2 0.2  10.0  0.0 0.0 0.0
Box -17.0 -22.0 19.0  -9.0 -20.0 21.0  constant 0.3 0.3 0.25  0.2 0.2 0.2  10.0  0.0 0.0 0.0
Box -9.0 -31.0 19.0  -7.0 -10.0 21.0  constant 0.3 0.3 0.25  0.2 0.2 0.2  10.0  0.0 0.0 0.0

;lamp
Sphere -10.0 -35.0 30.0 5.0  constant 0.7 0.6 0.2  0.8 0.8 0.8 50.0  0.0 0.0 0.0
Box -10.5 -31.0 29.5  -9.5 15.0 30.5  constant 0.7 0.6 0.2  0.8 0.8 0.8 50.0  0.0 0.0 0.0
Sphere -10.0 15.0 30.0 4.0  constant 0.3 0.3 0.3  0.0 0.0 0.0 0.0  0.8 0.8 0.8

;picture
Box -61.0 14.0 49.55  1.0 46.0 50.0  constant 0.5 0.55 0.6  0.8 0.8 0.8 20.0  0.0 0.0 0.0
Box -60.0 15.0 49.5  0.0 45.0 50.0  texture picbuck.bmp  0.0 0.0 0.0 0.0  0.0 0.0 0.0

;just a balls
Sphere 13.0 -25.0 40.0 6.0  texture star.bmp  0.8 0.8 0.8 60.0  0.0 0.0 0.0
Sphere 0.0 -25.0 40.0 6.0  constant 0.7 0.1 0.2  0.8 0.8 0.8 60.0  0.7 0.1 0.2
Sphere -13.0 -25.0 40.0 6.0  wood  0.8 0.8 0.8 60.0  0.0 0.0 0.0
Sphere 0.0 -25.0 25.0 5.0  chequer 1.3 0.2 0.2 0.2 0.5 0.5 0.5  0.7 0.7 0.7 50.0  0.4 0.4 0.4
